ETITLE:      TS           BOND          ANGLE          DIHED          IMPRP               ELECT            VDW       BOUNDARY           MISC        KINETIC               TOTAL           TEMP      POTENTIAL         TOTAL3        TEMPAVG            PRESSURE      GPRESSURE         VOLUME       PRESSAVG      GPRESSAVG
ENERGY:       0         0.0000         0.0000         0.0000         0.0000          -5460.6262       775.2765         0.0000         0.0000         0.0000          -4685.3497         0.0000     -4685.3497     -4684.5917         0.0000           6516.2582      6528.3358     23823.1240      6516.2582      6528.3358
ENERGY:    5000         0.0000         0.0000         0.0000         0.0000          -5646.6548       461.5113         0.0000         0.0000       922.7808          -4262.3628       293.1593     -5185.1436     -4260.1418       278.3081           -263.0987      -256.0854     23104.5271      -121.5925      -121.6484
ENERGY:   10000         0.0000         0.0000         0.0000         0.0000          -5626.8234       440.0689         0.0000         0.0000       948.3762          -4238.3782       301.2908     -5186.7544     -4236.3261       299.2407           -112.8233       -95.3610     22962.0432      -171.1402      -171.2030
ENERGY:   15000         0.0000         0.0000         0.0000         0.0000          -5616.6899       415.8250         0.0000         0.0000       925.9395          -4274.9253       294.1629     -5200.8649     -4272.7618       294.8098           -103.7702       -83.1790     22793.6144      -173.1211      -173.1589
ENERGY:   20000         0.0000         0.0000         0.0000         0.0000          -5585.7324       364.1002         0.0000         0.0000       973.6741          -4247.9582       309.3277     -5221.6323     -4246.0051       300.9478           -588.1340      -563.2411     22698.7061      -229.8644      -229.8786
ENERGY:   25000         0.0000         0.0000         0.0000         0.0000          -5562.9744       362.3581         0.0000         0.0000       972.8815          -4227.7348       309.0759     -5200.6163     -4224.4760       302.8219           -689.5868      -663.1961     22983.6666      -171.0899      -171.2339
ENERGY:   30000         0.0000         0.0000         0.0000         0.0000          -5601.2901       414.0269         0.0000         0.0000       957.9079          -4229.3553       304.3189     -5187.2632     -4226.3662       303.3268            349.2573       354.0839     22737.0932      -205.8130      -205.9709
ENERGY:   35000         0.0000         0.0000         0.0000         0.0000          -5561.6695       364.8223         0.0000         0.0000       951.1951          -4245.6522       302.1863     -5196.8473     -4243.7394       302.2689           -544.2407      -512.1136     22684.0230      -210.9249      -211.0345
ENERGY:   40000         0.0000         0.0000         0.0000         0.0000          -5610.1684       365.5123         0.0000         0.0000       920.7548          -4323.9013       292.5157     -5244.6561     -4322.6943       296.7698           -418.9456      -399.2568     22556.7781      -171.4962      -171.4923
ENERGY:   45000         0.0000         0.0000         0.0000         0.0000          -5619.4219       421.4026         0.0000         0.0000       927.2646          -4270.7546       294.5838     -5198.0193     -4268.7391       298.8829           -155.4359      -113.3898     22787.9838      -169.0516      -168.8137
ENERGY:   50000         0.0000         0.0000         0.0000         0.0000          -5558.7049       400.8638         0.0000         0.0000       946.7450          -4211.0961       300.7726     -5157.8411     -4208.9378       298.7550            231.3694       254.3140     22578.6262      -231.0611      -230.9921
ENERGY:   55000         0.0000         0.0000         0.0000         0.0000          -5589.3679       387.3816         0.0000         0.0000       950.8820          -4251.1043       302.0869     -5201.9862     -4248.4189       300.5605           -564.6696      -544.2683     22998.7589      -220.1399      -220.1103
ENERGY:   60000         0.0000         0.0000         0.0000         0.0000          -5614.0995       412.3822         0.0000         0.0000       957.6783          -4244.0390       304.2460     -5201.7173     -4241.9869       300.9026             33.1467        46.9058     22665.4420      -296.5817      -296.4507
ENERGY:   65000         0.0000         0.0000         0.0000         0.0000          -5547.0373       348.1756         0.0000         0.0000       947.4620          -4251.3996       301.0004     -5198.8616     -4248.6722       297.4828           -977.3488      -949.7949     23006.3783      -200.2899      -200.2541
ENERGY:   70000         0.0000         0.0000         0.0000         0.0000          -5579.3326       371.9601         0.0000         0.0000       942.6330          -4264.7395       299.4662     -5207.3725     -4261.1295       297.5490           -235.6907      -215.3778     22354.8448      -214.3608      -214.3717
ENERGY:   75000         0.0000         0.0000         0.0000         0.0000          -5644.8504       365.5610         0.0000         0.0000       925.2797          -4354.0097       293.9533     -5279.2894     -4351.0210       298.9954           -836.6125      -809.7247     22677.9859      -251.7052      -251.6910
ENERGY:   80000         0.0000         0.0000         0.0000         0.0000          -5550.5373       342.8757         0.0000         0.0000       942.9308          -4264.7307       299.5608     -5207.6615     -4263.6985       295.4756           -990.7584      -957.7169     22652.8400      -200.1914      -200.1228
ENERGY:   85000         0.0000         0.0000         0.0000         0.0000          -5662.3799       434.7006         0.0000         0.0000       895.9294          -4331.7499       284.6289     -5227.6794     -4329.8437       298.4012             14.5834        37.2027     22803.5699      -265.8042      -266.0273
ENERGY:   90000         0.0000         0.0000         0.0000         0.0000          -5558.4532       370.4251         0.0000         0.0000       889.4920          -4298.5361       282.5838     -5188.0281     -4295.3291       295.9543           -599.4878      -575.1944     22867.5838      -257.3584      -257.3234
ENERGY:   95000         0.0000         0.0000         0.0000         0.0000          -5623.4794       406.9495         0.0000         0.0000       892.7793          -4323.7505       283.6282     -5216.5299     -4321.5219       294.9337           -340.1560      -316.6468     22914.8804      -187.8482      -187.7512
ENERGY:  100000         0.0000         0.0000         0.0000         0.0000          -5641.0439       390.8698         0.0000         0.0000       913.8501          -4336.3240       290.3221     -5250.1741     -4333.8275       294.2095           -479.8885      -452.7615     22628.3524      -264.5577      -264.6344
ENERGY:  105000         0.0000         0.0000         0.0000         0.0000          -5619.9443       394.6488         0.0000         0.0000       940.0817          -4285.2138       298.6557     -5225.2955     -4282.8994       295.0532            244.6852       267.8299     22214.0864      -274.1090      -274.1257
ENERGY:  110000         0.0000         0.0000         0.0000         0.0000          -5588.8522       384.0717         0.0000         0.0000       947.3624          -4257.4181       300.9687     -5204.7805     -4254.3910       300.0605           -736.8413      -714.0192     22940.1185      -177.2455      -177.2432
ENERGY:  115000         0.0000         0.0000         0.0000         0.0000          -5594.2847       422.5733         0.0000         0.0000       917.3650          -4254.3464       291.4388     -5171.7114     -4250.4623       302.9700            -45.8284       -23.9892     22810.1708      -200.3840      -200.3886
ENERGY:  120000         0.0000         0.0000         0.0000         0.0000          -5639.6098       419.2684         0.0000         0.0000       947.5240          -4272.8174       301.0201     -5220.3414     -4269.8846       298.8433             79.1209       104.6629     22796.4622      -206.9944      -206.8771
ENERGY:  125000         0.0000         0.0000         0.0000         0.0000          -5575.8015       412.5502         0.0000         0.0000       916.7488          -4246.5025       291.2430     -5163.2513     -4245.1213       296.6560            391.0341       403.3209     22627.1265      -244.9961      -245.2324
ENERGY:  130000         0.0000         0.0000         0.0000         0.0000          -5566.7445       372.4262         0.0000         0.0000       943.4987          -4250.8195       299.7412     -5194.3182     -4247.8545       298.8453           -505.0151      -483.9120     22693.7396      -260.8631      -260.9434
ENERGY:  135000         0.0000         0.0000         0.0000         0.0000          -5583.2732       374.5150         0.0000         0.0000       935.0722          -4273.6860       297.0642     -5208.7582     -4271.6647       299.1547           -484.3125      -467.9969     22688.4668      -175.6009      -175.5830
ENERGY:  140000         0.0000         0.0000         0.0000         0.0000          -5631.0020       406.2251         0.0000         0.0000       971.5213          -4253.2557       308.6438     -5224.7770     -4251.6430       300.6184             -9.4064         9.0665     22826.5238      -242.6414      -242.7620
ENERGY:  145000         0.0000         0.0000         0.0000         0.0000          -5575.4094       375.6788         0.0000         0.0000       966.6010          -4233.1296       307.0806     -5199.7306     -4230.7919       298.8797           -343.1815      -331.6502     22716.2745      -198.1662      -198.1212
ENERGY:  150000         0.0000         0.0000         0.0000         0.0000          -5628.9597       402.4058         0.0000         0.0000       922.2386          -4304.3152       292.9871     -5226.5539     -4301.5192       299.1429           -245.3206      -217.5843     22592.3431      -236.0592      -235.9700
ENERGY:  155000         0.0000         0.0000         0.0000         0.0000          -5635.3729       415.0418         0.0000         0.0000       882.3743          -4337.9568       280.3226     -5220.3311     -4337.0869       298.4655             65.1958        80.2511     22517.4702      -211.4341      -211.5537
ENERGY:  160000         0.0000         0.0000         0.0000         0.0000          -5666.3004       380.1280         0.0000         0.0000       924.7620          -4361.4104       293.7888     -5286.1724     -4359.1415       291.8252           -744.4669      -735.0244     22689.5525      -234.8704      -234.6915
ENERGY:  165000         0.0000         0.0000         0.0000         0.0000          -5623.3339       405.9455         0.0000         0.0000       889.9298          -4327.4586       282.7229     -5217.3884     -4325.5283       292.1393           -788.5822      -781.2312     22950.1004      -203.5810      -203.5951
ENERGY:  170000         0.0000         0.0000         0.0000         0.0000          -5580.8205       378.8780         0.0000         0.0000       962.6401          -4239.3024       305.8223     -5201.9425     -4237.1009       295.6972           -704.7451      -681.5431     22708.7075      -223.2351      -223.2226
ENERGY:  175000         0.0000         0.0000         0.0000         0.0000          -5737.0997       432.8245         0.0000         0.0000       980.4713          -4323.8038       311.4871     -5304.2752     -4321.5429       298.2012            224.0328       243.9784     22315.9753      -234.4902      -234.4459
ENERGY:  180000         0.0000         0.0000         0.0000         0.0000          -5633.2358       399.8794         0.0000         0.0000       897.4246          -4335.9319       285.1039     -5233.3564     -4333.9805       298.2327           -217.6655      -207.8017     22615.8028      -138.3985      -138.3048
ENERGY:  185000         0.0000         0.0000         0.0000         0.0000          -5624.5363       394.5249         0.0000         0.0000       973.9028          -4256.1086       309.4004     -5230.0114     -4254.6275       296.9363           -179.6406      -164.0024     22417.6626      -151.9232      -152.0527
ENERGY:  190000         0.0000         0.0000         0.0000         0.0000          -5638.1148       381.9801         0.0000         0.0000       990.4143          -4265.7203       314.6459     -5256.1346     -4262.8457       298.7390           -310.5561      -289.0484     22508.0508      -206.1979      -206.1688
ENERGY:  195000         0.0000         0.0000         0.0000         0.0000          -5733.7248       462.9963         0.0000         0.0000       895.8673          -4374.8612       284.6092     -5270.7285     -4372.4238       301.5319            232.6432       260.5439     22664.7040      -257.4916      -257.3702
ENERGY:  200000         0.0000         0.0000         0.0000         0.0000          -5524.3361       342.9550         0.0000         0.0000       971.4374          -4209.9436       308.6171     -5181.3810     -4207.7064       299.3068           -241.2678      -224.6885     22629.1549      -216.3946      -216.7545
ENERGY:  205000         0.0000         0.0000         0.0000         0.0000          -5554.2746       354.3675         0.0000         0.0000       952.8510          -4247.0560       302.7124     -5199.9071     -4244.8783       300.7752           -464.3271      -451.2838     22561.7316      -212.6225      -212.5402
ENERGY:  210000         0.0000         0.0000         0.0000         0.0000          -5648.5851       412.1676         0.0000         0.0000       893.3887          -4343.0288       283.8218     -5236.4175     -4341.3931       299.3721           -243.2531      -227.1018     22657.7820      -289.0829      -289.2672
ENERGY:  215000         0.0000         0.0000         0.0000         0.0000          -5598.7886       376.3574         0.0000         0.0000       942.3414          -4280.0898       299.3736     -5222.4312     -4278.2475       295.4552            -87.5427       -62.4151     22466.5417      -218.4510      -218.4607
ENERGY:  220000         0.0000         0.0000         0.0000         0.0000          -5582.7014       367.0741         0.0000         0.0000       961.6767          -4253.9506       305.5163     -5215.6273     -4252.4929       300.5372           -474.8969      -444.2687     22613.9276      -138.8777      -138.7858
ENERGY:  225000         0.0000         0.0000         0.0000         0.0000          -5553.2801       362.8949         0.0000         0.0000       918.4672          -4271.9180       291.7890     -5190.3852     -4270.8854       295.9709           -473.6455      -467.2033     22483.5850      -226.6322      -226.5549
ENERGY:  230000         0.0000         0.0000         0.0000         0.0000          -5609.8645       400.4452         0.0000         0.0000       909.8592          -4299.5601       289.0543     -5209.4193     -4298.4489       299.1450            224.6736       226.1418     22350.7558      -148.3113      -148.3740
ENERGY:  235000         0.0000         0.0000         0.0000         0.0000          -5744.2480       455.1980         0.0000         0.0000       969.8779          -4319.1722       308.1217     -5289.0501     -4316.9837       295.9907            249.6816       253.9584     22504.7561      -239.2467      -239.4124
ENERGY:  240000         0.0000         0.0000         0.0000         0.0000          -5607.5376       372.5332         0.0000         0.0000       917.7858          -4317.2186       291.5725     -5235.0044     -4315.5462       295.9739           -470.9979      -439.4127     22604.3768      -172.7128      -172.7397
ENERGY:  245000         0.0000         0.0000         0.0000         0.0000          -5474.2875       332.0762         0.0000         0.0000       952.6823          -4189.5291       302.6588     -5142.2113     -4187.2932       301.0075           -891.2431      -861.5615     22829.9645      -229.7756      -229.7229
ENERGY:  250000         0.0000         0.0000         0.0000         0.0000          -5588.1389       383.2597         0.0000         0.0000       960.0045          -4244.8747       304.9850     -5204.8792     -4242.1993       301.2521           -398.4473      -384.9951     22725.4857      -231.9980      -231.9781
ENERGY:  255000         0.0000         0.0000         0.0000         0.0000          -5638.5859       418.8595         0.0000         0.0000       936.0081          -4283.7183       297.3615     -5219.7263     -4281.5157       296.2844            324.6085       342.3434     22424.1629      -215.3368      -215.4101
ENERGY:  260000         0.0000         0.0000         0.0000         0.0000          -5610.2896       367.9610         0.0000         0.0000       928.6686          -4313.6601       295.0298     -5242.3287     -4312.0546       298.0611           -414.5993      -393.2534     22486.3332      -260.9885      -260.9286
ENERGY:  265000         0.0000         0.0000         0.0000         0.0000          -5575.4910       358.0038         0.0000         0.0000       941.9850          -4275.5023       299.2604     -5217.4872     -4273.3268       297.1359           -340.9941      -312.0955     22488.4554      -199.6749      -199.7000
ENERGY:  270000         0.0000         0.0000         0.0000         0.0000          -5584.9860       367.3515         0.0000         0.0000       941.8985          -4275.7360       299.2329     -5217.6345     -4273.8588       296.0319           -141.2322      -125.7868     22522.3951      -252.5564      -252.5392
ENERGY:  275000         0.0000         0.0000         0.0000         0.0000          -5521.2730       322.0068         0.0000         0.0000       963.6355          -4235.6306       306.1386     -5199.2662     -4231.5194       299.7840           -954.2752      -925.2836     22709.1569      -209.0941      -209.0354
ENERGY:  280000         0.0000         0.0000         0.0000         0.0000          -5603.2711       366.2742         0.0000         0.0000       959.4543          -4277.5427       304.8102     -5236.9970     -4276.1402       300.0575           -998.0382      -971.0022     23028.3360      -197.8881      -197.8965
ENERGY:  285000         0.0000         0.0000         0.0000         0.0000          -5553.9892       352.2287         0.0000         0.0000       940.7463          -4261.0141       298.8669     -5201.7604     -4259.7169       298.5636           -668.4093      -640.7621     22787.7563      -230.9771      -231.0558
ENERGY:  290000         0.0000         0.0000         0.0000         0.0000          -5640.4425       392.5125         0.0000         0.0000       904.6064          -4343.3237       287.3855     -5247.9300     -4341.5989       293.2039           -522.1693      -504.3153     22845.5130      -277.5862      -277.5748
ENERGY:  295000         0.0000         0.0000         0.0000         0.0000          -5619.1965       416.9264         0.0000         0.0000       956.2570          -4246.0131       303.7945     -5202.2701     -4243.2540       295.4766              4.8816        29.4312     22882.8965      -240.0257      -239.9952
ENERGY:  300000         0.0000         0.0000         0.0000         0.0000          -5592.3444       373.1583         0.0000         0.0000       916.5142          -4302.6720       291.1685     -5219.1861     -4300.3415       296.4862           -714.1763      -693.6044     22774.7272      -302.6429      -302.6957
ENERGY:  305000         0.0000         0.0000         0.0000         0.0000          -5583.7186       347.8543         0.0000         0.0000       901.4054          -4334.4589       286.3686     -5235.8643     -4332.3078       298.7239           -932.0153      -914.9563     22701.5582      -189.4578      -189.5138
ENERGY:  310000         0.0000         0.0000         0.0000         0.0000          -5623.1556       381.6708         0.0000         0.0000       945.9652          -4295.5196       300.5248     -5241.4849     -4293.0723       295.6346           -315.9290      -290.7125     22566.0289      -210.9208      -210.8211
ENERGY:  315000         0.0000         0.0000         0.0000         0.0000          -5541.9073       348.8073         0.0000         0.0000       945.1140          -4247.9860       300.2544     -5193.1000     -4245.6560       298.0221           -459.2427      -442.4488     22863.1479      -261.7698      -261.8293
ENERGY:  320000         0.0000         0.0000         0.0000         0.0000          -5518.6953       379.7403         0.0000         0.0000       898.7045          -4240.2504       285.5105     -5138.9549     -4238.3363       301.5360           -419.0999      -419.7978     22906.3413      -241.1899      -241.3516
ENERGY:  325000         0.0000         0.0000         0.0000         0.0000          -5630.6840       372.9337         0.0000         0.0000       906.6233          -4351.1270       288.0262     -5257.7503     -4348.5424       298.7553           -825.6153      -807.5117     22911.5546      -234.0123      -234.1560
ENERGY:  330000         0.0000         0.0000         0.0000         0.0000          -5578.2785       343.9364         0.0000         0.0000       913.8932          -4320.4488       290.3359     -5234.3420     -4319.4431       295.9430           -912.0685      -908.9258     22710.2941      -263.1350      -263.0923
ENERGY:  335000         0.0000         0.0000         0.0000         0.0000          -5611.0517       418.7189         0.0000         0.0000       983.8891          -4208.4437       312.5729     -5192.3328     -4205.6808       302.0754              3.5175        21.3612     22872.8655      -178.5744      -178.6494
ENERGY:  340000         0.0000         0.0000         0.0000         0.0000          -5603.1562       421.6011         0.0000         0.0000       974.5752          -4206.9799       309.6140     -5181.5551     -4204.5409       302.5667             99.7770       128.3026     22828.4952      -214.2328      -214.2069
ENERGY:  345000         0.0000         0.0000         0.0000         0.0000          -5558.2108       351.6622         0.0000         0.0000       944.4826          -4262.0660       300.0538     -5206.5486     -4261.1977       299.8433           -436.1447      -408.7215     22754.5721      -237.6631      -237.7580
ENERGY:  350000         0.0000         0.0000         0.0000         0.0000          -5558.8224       361.7646         0.0000         0.0000       973.6325          -4223.4253       309.3145     -5197.0578     -4221.4318       299.8795           -401.2258      -376.8002     22739.5672      -240.9312      -240.9646
ENERGY:  355000         0.0000         0.0000         0.0000         0.0000          -5685.7278       429.3349         0.0000         0.0000       913.9416          -4342.4513       290.3512     -5256.3929     -4341.0553       301.7233            370.3722       388.9014     22269.7927      -123.6289      -123.7348
ENERGY:  360000         0.0000         0.0000         0.0000         0.0000          -5606.8443       367.9579         0.0000         0.0000       932.0273          -4306.8591       296.0969     -5238.8864     -4304.4862       296.6321           -658.1475      -632.2471     22872.1922      -165.8417      -165.8850
ENERGY:  365000         0.0000         0.0000         0.0000         0.0000          -5644.8490       440.1472         0.0000         0.0000       971.4156          -4233.2862       308.6102     -5204.7018     -4230.7862       293.1646            239.6338       243.7597     22757.7533      -169.9445      -170.0060
ENERGY:  370000         0.0000         0.0000         0.0000         0.0000          -5535.0395       347.8403         0.0000         0.0000       943.0700          -4244.1292       299.6051     -5187.1993     -4241.0549       298.3992           -503.7899      -481.0070     22656.1938      -284.7454      -284.6186
ENERGY:  375000         0.0000         0.0000         0.0000         0.0000          -5552.2937       321.8885         0.0000         0.0000       955.1517          -4275.2535       303.4433     -5230.4052     -4273.7465       302.6649           -739.3942      -720.7874     22523.6868      -186.2036      -186.3321
ENERGY:  380000         0.0000         0.0000         0.0000         0.0000          -5574.1430       397.9221         0.0000         0.0000       937.0051          -4239.2158       297.6783     -5176.2209     -4236.3482       301.3993           -129.7189      -110.9357     22940.6855      -201.7035      -201.7112
ENERGY:  385000         0.0000         0.0000         0.0000         0.0000          -5639.0254       441.1904         0.0000         0.0000       925.7726          -4272.0624       294.1098     -5197.8350     -4270.1432       301.8461            390.2341       416.8911     22613.0147      -194.9035      -194.9688
ENERGY:  390000         0.0000         0.0000         0.0000         0.0000          -5546.3266       360.1361         0.0000         0.0000       939.8294          -4246.3611       298.5756     -5186.1905     -4243.8278       298.1543           -617.6008      -589.3216     22802.3568      -264.5667      -264.4928
ENERGY:  395000         0.0000         0.0000         0.0000         0.0000          -5546.4897       408.4992         0.0000         0.0000       935.8512          -4202.1393       297.3117     -5137.9905     -4200.3771       301.5311           -169.0995      -147.1445     23162.6645      -177.5360      -177.4351
ENERGY:  400000         0.0000         0.0000         0.0000         0.0000          -5571.4278       369.8586         0.0000         0.0000       948.6908          -4252.8784       301.3907     -5201.5692     -4250.9222       301.4580           -466.1053      -447.0880     22737.7506      -164.2079      -164.2403
ENERGY:  405000         0.0000         0.0000         0.0000         0.0000          -5642.1352       429.6007         0.0000         0.0000       939.6906          -4272.8439       298.5314     -5212.5345     -4269.3192       299.8298             41.3785        67.0685     22682.7426      -179.8957      -179.9139
ENERGY:  410000         0.0000         0.0000         0.0000         0.0000          -5675.0011       402.2182         0.0000         0.0000       929.7800          -4343.0028       295.3829     -5272.7829     -4341.3927       300.0966             71.4399        82.5847     22354.0216      -237.9624      -237.8909
ENERGY:  415000         0.0000         0.0000         0.0000         0.0000          -5636.7556       422.1656         0.0000         0.0000       966.8924          -4247.6977       307.1732     -5214.5901     -4244.5680       295.0243           -191.9907      -166.7035     22741.0223      -176.2216      -176.0371
ENERGY:  420000         0.0000         0.0000         0.0000         0.0000          -5607.3813       372.1162         0.0000         0.0000       975.3136          -4259.9514       309.8486     -5235.2651     -4257.0550       303.0487           -222.5364      -207.8813     22483.2044      -193.2250      -193.2175
ENERGY:  425000         0.0000         0.0000         0.0000         0.0000          -5570.9939       385.7282         0.0000         0.0000       925.1309          -4260.1348       293.9060     -5185.2657     -4257.6705       300.5646            -30.3747        -5.8354     22639.6843      -254.2447      -254.3072
ENERGY:  430000         0.0000         0.0000         0.0000         0.0000          -5568.6663       367.8774         0.0000         0.0000       947.3763          -4253.4126       300.9731     -5200.7889     -4249.9857       297.5198           -379.9537      -356.2734     22674.0731      -231.9618      -231.9045
ENERGY:  435000         0.0000         0.0000         0.0000         0.0000          -5603.4548       398.1518         0.0000         0.0000       952.2126          -4253.0904       302.5096     -5205.3030     -4250.7108       297.4461           -100.6984       -87.0082     23011.5355      -244.1205      -244.1654
ENERGY:  440000         0.0000         0.0000         0.0000         0.0000          -5615.1814       414.4714         0.0000         0.0000       924.9611          -4275.7490       293.8520     -5200.7100     -4273.8593       300.1694           -198.2923      -176.1365     22779.2937      -209.9916      -210.0394
ENERGY:  445000         0.0000         0.0000         0.0000         0.0000          -5615.4263       403.5126         0.0000         0.0000       961.9800          -4249.9337       305.6126     -5211.9137     -4247.3705       299.6314           -580.6809      -548.4344     23298.8970      -223.9855      -223.9713
ENERGY:  450000         0.0000         0.0000         0.0000         0.0000          -5655.2005       372.9828         0.0000         0.0000       961.2736          -4320.9441       305.3882     -5282.2178     -4318.0224       299.0797           -704.4551      -674.7421     22820.4157      -264.4698      -264.5721
ENERGY:  455000         0.0000         0.0000         0.0000         0.0000          -5614.1369       374.6907         0.0000         0.0000       953.5464          -4285.8998       302.9333     -5239.4462     -4284.4219       293.8097           -628.9635      -597.9165     22562.0785      -184.7415      -184.8118
ENERGY:  460000         0.0000         0.0000         0.0000         0.0000          -5562.8134       349.1472         0.0000         0.0000       980.0301          -4233.6361       311.3469     -5213.6662     -4230.9648       299.9935           -447.2949      -435.7230     22422.1552      -171.8404      -171.8045
ENERGY:  465000         0.0000         0.0000         0.0000         0.0000          -5559.8780       397.5629         0.0000         0.0000       951.7170          -4210.5981       302.3521     -5162.3152     -4209.6052       305.0563             14.5460        35.7667     22618.2773      -217.4995      -217.5844
ENERGY:  470000         0.0000         0.0000         0.0000         0.0000          -5533.1407       360.4149         0.0000         0.0000       940.7909          -4231.9349       298.8810     -5172.7258     -4230.1503       301.1802           -358.7299      -348.2031     22560.7081      -223.8798      -223.8797
ENERGY:  475000         0.0000         0.0000         0.0000         0.0000          -5590.1069       420.1996         0.0000         0.0000       961.5873          -4208.3199       305.4879     -5169.9073     -4207.0244       301.9311            536.2723       546.9050     22527.4017      -209.7350      -209.6742
ENERGY:  480000         0.0000         0.0000         0.0000         0.0000          -5620.9036       406.5540         0.0000         0.0000      1007.6843          -4206.6653       320.1324     -5214.3496     -4204.5581       300.6348           -163.8155      -131.5810     22801.4168      -229.6031      -229.6705
ENERGY:  485000         0.0000         0.0000         0.0000         0.0000          -5655.8667       450.3278         0.0000         0.0000       939.0718          -4266.4671       298.3349     -5205.5389     -4263.1715       300.7043            209.0487       232.1763     22734.6719      -236.7277      -236.8250
ENERGY:  490000         0.0000         0.0000         0.0000         0.0000          -5516.3199       362.3575         0.0000         0.0000       947.5679          -4206.3945       301.0340     -5153.9624     -4203.6170       301.7592           -530.3508      -511.0091     23062.4365      -170.7843      -170.7022
ENERGY:  495000         0.0000         0.0000         0.0000         0.0000          -5583.1526       381.9894         0.0000         0.0000       910.2586          -4290.9046       289.1812     -5201.1632     -4288.0256       301.5478           -216.2804      -210.8244     22568.3977      -228.0313      -228.0276
ENERGY:  500000         0.0000         0.0000         0.0000         0.0000          -5533.3812       369.3137         0.0000         0.0000       945.6770          -4218.3905       300.4333     -5164.0676     -4215.6440       301.0852           -387.1114      -367.5702     22910.8161      -214.8752      -214.7038
